{
  "nbformat": 4,
  "nbformat_minor": 0,
  "metadata": {
    "colab": {
      "name": "Assignment4_Sayantani.ipynb",
      "provenance": [],
      "collapsed_sections": []
    },
    "kernelspec": {
      "name": "python3",
      "display_name": "Python 3"
    },
    "language_info": {
      "name": "python"
    }
  },
  "cells": [
    {
      "cell_type": "markdown",
      "source": [
        "1. Perform a 10-fold Cross-Validation for SVC on BostonHousing_full.csv data using Pipeline. Specifically,\n",
        "\n",
        "             (i) report average accuracy, confusion matrix, precision, recall, and F1 score; and\n",
        "\n",
        "            (ii) use grid search to find the best C from C = [1, 5, 10, 50, 100, 500, 1000].\n",
        "\n",
        "2. Load salary1.arff file and convert record array to Dataframe and byte string to string. Build an SVR model, Plot the data, SVR and regression models.\n",
        "\n",
        "3. What is Weighted Nearest Neighbor Model? Explain briefly."
      ],
      "metadata": {
        "id": "2SCu0-lO0Tvo"
      }
    },
    {
      "cell_type": "code",
      "source": [
        "import pandas as pd\n",
        "from matplotlib import style\n",
        "from matplotlib import pyplot as plt\n",
        "#import graphviz as gr\n",
        "%matplotlib inline\n",
        "style.use(\"fivethirtyeight\")\n",
        "import matplotlib.pyplot as plt\n",
        "\n",
        "from google.colab import drive\n",
        "drive.mount('/content/drive')\n",
        "import warnings\n",
        "warnings.filterwarnings('ignore')\n",
        "pd.set_option(\"display.max_columns\", 60)\n",
        "pd.set_option('display.max_rows', 50)\n",
        "pd.set_option('display.width', 1000)"
      ],
      "metadata": {
        "colab": {
          "base_uri": "https://localhost:8080/"
        },
        "id": "8gc53Ngo0pnF",
        "outputId": "005f37f1-d592-4d7b-e61c-3971051fc2ee"
      },
      "execution_count": 1,
      "outputs": [
        {
          "output_type": "stream",
          "name": "stdout",
          "text": [
            "Mounted at /content/drive\n"
          ]
        }
      ]
    },
    {
      "cell_type": "code",
      "source": [
        "# Load BostonHousing_full.csv file and convert record array to dataframe and byte string to string\n",
        "import pandas as pd\n",
        "import numpy as np\n",
        "data = pd.read_csv('/content/drive/MyDrive/DataMining/Files/BostonHousing_full.csv')"
      ],
      "metadata": {
        "id": "FOY4TbzC3q-b"
      },
      "execution_count": 2,
      "outputs": []
    },
    {
      "cell_type": "code",
      "source": [
        "data.corr()"
      ],
      "metadata": {
        "colab": {
          "base_uri": "https://localhost:8080/",
          "height": 457
        },
        "id": "Q8TMwBmC-ADX",
        "outputId": "b41817a2-f594-4ae0-9ea6-653d59670bf5"
      },
      "execution_count": 3,
      "outputs": [
        {
          "output_type": "execute_result",
          "data": {
            "text/html": [
              "\n",
              "  <div id=\"df-1b18fcc4-18fb-470e-a4b3-b1e1b2fb1534\">\n",
              "    <div class=\"colab-df-container\">\n",
              "      <div>\n",
              "<style scoped>\n",
              "    .dataframe tbody tr th:only-of-type {\n",
              "        vertical-align: middle;\n",
              "    }\n",
              "\n",
              "    .dataframe tbody tr th {\n",
              "        vertical-align: top;\n",
              "    }\n",
              "\n",
              "    .dataframe thead th {\n",
              "        text-align: right;\n",
              "    }\n",
              "</style>\n",
              "<table border=\"1\" class=\"dataframe\">\n",
              "  <thead>\n",
              "    <tr style=\"text-align: right;\">\n",
              "      <th></th>\n",
              "      <th>CRIM</th>\n",
              "      <th>ZN</th>\n",
              "      <th>INDUS</th>\n",
              "      <th>CHAS</th>\n",
              "      <th>NOX</th>\n",
              "      <th>RM</th>\n",
              "      <th>AGE</th>\n",
              "      <th>DIS</th>\n",
              "      <th>RAD</th>\n",
              "      <th>TAX</th>\n",
              "      <th>PTRATIO</th>\n",
              "      <th>B</th>\n",
              "      <th>LSTAT</th>\n",
              "    </tr>\n",
              "  </thead>\n",
              "  <tbody>\n",
              "    <tr>\n",
              "      <th>CRIM</th>\n",
              "      <td>1.000000</td>\n",
              "      <td>-0.200469</td>\n",
              "      <td>0.406583</td>\n",
              "      <td>-0.055892</td>\n",
              "      <td>0.420972</td>\n",
              "      <td>-0.219247</td>\n",
              "      <td>0.352734</td>\n",
              "      <td>-0.379670</td>\n",
              "      <td>0.625505</td>\n",
              "      <td>0.582764</td>\n",
              "      <td>0.289946</td>\n",
              "      <td>-0.385064</td>\n",
              "      <td>0.455621</td>\n",
              "    </tr>\n",
              "    <tr>\n",
              "      <th>ZN</th>\n",
              "      <td>-0.200469</td>\n",
              "      <td>1.000000</td>\n",
              "      <td>-0.533828</td>\n",
              "      <td>-0.042697</td>\n",
              "      <td>-0.516604</td>\n",
              "      <td>0.311991</td>\n",
              "      <td>-0.569537</td>\n",
              "      <td>0.664408</td>\n",
              "      <td>-0.311948</td>\n",
              "      <td>-0.314563</td>\n",
              "      <td>-0.391679</td>\n",
              "      <td>0.175520</td>\n",
              "      <td>-0.412995</td>\n",
              "    </tr>\n",
              "    <tr>\n",
              "      <th>INDUS</th>\n",
              "      <td>0.406583</td>\n",
              "      <td>-0.533828</td>\n",
              "      <td>1.000000</td>\n",
              "      <td>0.062938</td>\n",
              "      <td>0.763651</td>\n",
              "      <td>-0.391676</td>\n",
              "      <td>0.644779</td>\n",
              "      <td>-0.708027</td>\n",
              "      <td>0.595129</td>\n",
              "      <td>0.720760</td>\n",
              "      <td>0.383248</td>\n",
              "      <td>-0.356977</td>\n",
              "      <td>0.603800</td>\n",
              "    </tr>\n",
              "    <tr>\n",
              "      <th>CHAS</th>\n",
              "      <td>-0.055892</td>\n",
              "      <td>-0.042697</td>\n",
              "      <td>0.062938</td>\n",
              "      <td>1.000000</td>\n",
              "      <td>0.091203</td>\n",
              "      <td>0.091251</td>\n",
              "      <td>0.086518</td>\n",
              "      <td>-0.099176</td>\n",
              "      <td>-0.007368</td>\n",
              "      <td>-0.035587</td>\n",
              "      <td>-0.121515</td>\n",
              "      <td>0.048788</td>\n",
              "      <td>-0.053929</td>\n",
              "    </tr>\n",
              "    <tr>\n",
              "      <th>NOX</th>\n",
              "      <td>0.420972</td>\n",
              "      <td>-0.516604</td>\n",
              "      <td>0.763651</td>\n",
              "      <td>0.091203</td>\n",
              "      <td>1.000000</td>\n",
              "      <td>-0.302188</td>\n",
              "      <td>0.731470</td>\n",
              "      <td>-0.769230</td>\n",
              "      <td>0.611441</td>\n",
              "      <td>0.668023</td>\n",
              "      <td>0.188933</td>\n",
              "      <td>-0.380051</td>\n",
              "      <td>0.590879</td>\n",
              "    </tr>\n",
              "    <tr>\n",
              "      <th>RM</th>\n",
              "      <td>-0.219247</td>\n",
              "      <td>0.311991</td>\n",
              "      <td>-0.391676</td>\n",
              "      <td>0.091251</td>\n",
              "      <td>-0.302188</td>\n",
              "      <td>1.000000</td>\n",
              "      <td>-0.240265</td>\n",
              "      <td>0.205246</td>\n",
              "      <td>-0.209847</td>\n",
              "      <td>-0.292048</td>\n",
              "      <td>-0.355501</td>\n",
              "      <td>0.128069</td>\n",
              "      <td>-0.613808</td>\n",
              "    </tr>\n",
              "    <tr>\n",
              "      <th>AGE</th>\n",
              "      <td>0.352734</td>\n",
              "      <td>-0.569537</td>\n",
              "      <td>0.644779</td>\n",
              "      <td>0.086518</td>\n",
              "      <td>0.731470</td>\n",
              "      <td>-0.240265</td>\n",
              "      <td>1.000000</td>\n",
              "      <td>-0.747881</td>\n",
              "      <td>0.456022</td>\n",
              "      <td>0.506456</td>\n",
              "      <td>0.261515</td>\n",
              "      <td>-0.273534</td>\n",
              "      <td>0.602339</td>\n",
              "    </tr>\n",
              "    <tr>\n",
              "      <th>DIS</th>\n",
              "      <td>-0.379670</td>\n",
              "      <td>0.664408</td>\n",
              "      <td>-0.708027</td>\n",
              "      <td>-0.099176</td>\n",
              "      <td>-0.769230</td>\n",
              "      <td>0.205246</td>\n",
              "      <td>-0.747881</td>\n",
              "      <td>1.000000</td>\n",
              "      <td>-0.494588</td>\n",
              "      <td>-0.534432</td>\n",
              "      <td>-0.232471</td>\n",
              "      <td>0.291512</td>\n",
              "      <td>-0.496996</td>\n",
              "    </tr>\n",
              "    <tr>\n",
              "      <th>RAD</th>\n",
              "      <td>0.625505</td>\n",
              "      <td>-0.311948</td>\n",
              "      <td>0.595129</td>\n",
              "      <td>-0.007368</td>\n",
              "      <td>0.611441</td>\n",
              "      <td>-0.209847</td>\n",
              "      <td>0.456022</td>\n",
              "      <td>-0.494588</td>\n",
              "      <td>1.000000</td>\n",
              "      <td>0.910228</td>\n",
              "      <td>0.464741</td>\n",
              "      <td>-0.444413</td>\n",
              "      <td>0.488676</td>\n",
              "    </tr>\n",
              "    <tr>\n",
              "      <th>TAX</th>\n",
              "      <td>0.582764</td>\n",
              "      <td>-0.314563</td>\n",
              "      <td>0.720760</td>\n",
              "      <td>-0.035587</td>\n",
              "      <td>0.668023</td>\n",
              "      <td>-0.292048</td>\n",
              "      <td>0.506456</td>\n",
              "      <td>-0.534432</td>\n",
              "      <td>0.910228</td>\n",
              "      <td>1.000000</td>\n",
              "      <td>0.460853</td>\n",
              "      <td>-0.441808</td>\n",
              "      <td>0.543993</td>\n",
              "    </tr>\n",
              "    <tr>\n",
              "      <th>PTRATIO</th>\n",
              "      <td>0.289946</td>\n",
              "      <td>-0.391679</td>\n",
              "      <td>0.383248</td>\n",
              "      <td>-0.121515</td>\n",
              "      <td>0.188933</td>\n",
              "      <td>-0.355501</td>\n",
              "      <td>0.261515</td>\n",
              "      <td>-0.232471</td>\n",
              "      <td>0.464741</td>\n",
              "      <td>0.460853</td>\n",
              "      <td>1.000000</td>\n",
              "      <td>-0.177383</td>\n",
              "      <td>0.374044</td>\n",
              "    </tr>\n",
              "    <tr>\n",
              "      <th>B</th>\n",
              "      <td>-0.385064</td>\n",
              "      <td>0.175520</td>\n",
              "      <td>-0.356977</td>\n",
              "      <td>0.048788</td>\n",
              "      <td>-0.380051</td>\n",
              "      <td>0.128069</td>\n",
              "      <td>-0.273534</td>\n",
              "      <td>0.291512</td>\n",
              "      <td>-0.444413</td>\n",
              "      <td>-0.441808</td>\n",
              "      <td>-0.177383</td>\n",
              "      <td>1.000000</td>\n",
              "      <td>-0.366087</td>\n",
              "    </tr>\n",
              "    <tr>\n",
              "      <th>LSTAT</th>\n",
              "      <td>0.455621</td>\n",
              "      <td>-0.412995</td>\n",
              "      <td>0.603800</td>\n",
              "      <td>-0.053929</td>\n",
              "      <td>0.590879</td>\n",
              "      <td>-0.613808</td>\n",
              "      <td>0.602339</td>\n",
              "      <td>-0.496996</td>\n",
              "      <td>0.488676</td>\n",
              "      <td>0.543993</td>\n",
              "      <td>0.374044</td>\n",
              "      <td>-0.366087</td>\n",
              "      <td>1.000000</td>\n",
              "    </tr>\n",
              "  </tbody>\n",
              "</table>\n",
              "</div>\n",
              "      <button class=\"colab-df-convert\" onclick=\"convertToInteractive('df-1b18fcc4-18fb-470e-a4b3-b1e1b2fb1534')\"\n",
              "              title=\"Convert this dataframe to an interactive table.\"\n",
              "              style=\"display:none;\">\n",
              "        \n",
              "  <svg xmlns=\"http://www.w3.org/2000/svg\" height=\"24px\"viewBox=\"0 0 24 24\"\n",
              "       width=\"24px\">\n",
              "    <path d=\"M0 0h24v24H0V0z\" fill=\"none\"/>\n",
              "    <path d=\"M18.56 5.44l.94 2.06.94-2.06 2.06-.94-2.06-.94-.94-2.06-.94 2.06-2.06.94zm-11 1L8.5 8.5l.94-2.06 2.06-.94-2.06-.94L8.5 2.5l-.94 2.06-2.06.94zm10 10l.94 2.06.94-2.06 2.06-.94-2.06-.94-.94-2.06-.94 2.06-2.06.94z\"/><path d=\"M17.41 7.96l-1.37-1.37c-.4-.4-.92-.59-1.43-.59-.52 0-1.04.2-1.43.59L10.3 9.45l-7.72 7.72c-.78.78-.78 2.05 0 2.83L4 21.41c.39.39.9.59 1.41.59.51 0 1.02-.2 1.41-.59l7.78-7.78 2.81-2.81c.8-.78.8-2.07 0-2.86zM5.41 20L4 18.59l7.72-7.72 1.47 1.35L5.41 20z\"/>\n",
              "  </svg>\n",
              "      </button>\n",
              "      \n",
              "  <style>\n",
              "    .colab-df-container {\n",
              "      display:flex;\n",
              "      flex-wrap:wrap;\n",
              "      gap: 12px;\n",
              "    }\n",
              "\n",
              "    .colab-df-convert {\n",
              "      background-color: #E8F0FE;\n",
              "      border: none;\n",
              "      border-radius: 50%;\n",
              "      cursor: pointer;\n",
              "      display: none;\n",
              "      fill: #1967D2;\n",
              "      height: 32px;\n",
              "      padding: 0 0 0 0;\n",
              "      width: 32px;\n",
              "    }\n",
              "\n",
              "    .colab-df-convert:hover {\n",
              "      background-color: #E2EBFA;\n",
              "      box-shadow: 0px 1px 2px rgba(60, 64, 67, 0.3), 0px 1px 3px 1px rgba(60, 64, 67, 0.15);\n",
              "      fill: #174EA6;\n",
              "    }\n",
              "\n",
              "    [theme=dark] .colab-df-convert {\n",
              "      background-color: #3B4455;\n",
              "      fill: #D2E3FC;\n",
              "    }\n",
              "\n",
              "    [theme=dark] .colab-df-convert:hover {\n",
              "      background-color: #434B5C;\n",
              "      box-shadow: 0px 1px 3px 1px rgba(0, 0, 0, 0.15);\n",
              "      filter: drop-shadow(0px 1px 2px rgba(0, 0, 0, 0.3));\n",
              "      fill: #FFFFFF;\n",
              "    }\n",
              "  </style>\n",
              "\n",
              "      <script>\n",
              "        const buttonEl =\n",
              "          document.querySelector('#df-1b18fcc4-18fb-470e-a4b3-b1e1b2fb1534 button.colab-df-convert');\n",
              "        buttonEl.style.display =\n",
              "          google.colab.kernel.accessAllowed ? 'block' : 'none';\n",
              "\n",
              "        async function convertToInteractive(key) {\n",
              "          const element = document.querySelector('#df-1b18fcc4-18fb-470e-a4b3-b1e1b2fb1534');\n",
              "          const dataTable =\n",
              "            await google.colab.kernel.invokeFunction('convertToInteractive',\n",
              "                                                     [key], {});\n",
              "          if (!dataTable) return;\n",
              "\n",
              "          const docLinkHtml = 'Like what you see? Visit the ' +\n",
              "            '<a target=\"_blank\" href=https://colab.research.google.com/notebooks/data_table.ipynb>data table notebook</a>'\n",
              "            + ' to learn more about interactive tables.';\n",
              "          element.innerHTML = '';\n",
              "          dataTable['output_type'] = 'display_data';\n",
              "          await google.colab.output.renderOutput(dataTable, element);\n",
              "          const docLink = document.createElement('div');\n",
              "          docLink.innerHTML = docLinkHtml;\n",
              "          element.appendChild(docLink);\n",
              "        }\n",
              "      </script>\n",
              "    </div>\n",
              "  </div>\n",
              "  "
            ],
            "text/plain": [
              "             CRIM        ZN     INDUS      CHAS       NOX        RM       AGE       DIS       RAD       TAX   PTRATIO         B     LSTAT\n",
              "CRIM     1.000000 -0.200469  0.406583 -0.055892  0.420972 -0.219247  0.352734 -0.379670  0.625505  0.582764  0.289946 -0.385064  0.455621\n",
              "ZN      -0.200469  1.000000 -0.533828 -0.042697 -0.516604  0.311991 -0.569537  0.664408 -0.311948 -0.314563 -0.391679  0.175520 -0.412995\n",
              "INDUS    0.406583 -0.533828  1.000000  0.062938  0.763651 -0.391676  0.644779 -0.708027  0.595129  0.720760  0.383248 -0.356977  0.603800\n",
              "CHAS    -0.055892 -0.042697  0.062938  1.000000  0.091203  0.091251  0.086518 -0.099176 -0.007368 -0.035587 -0.121515  0.048788 -0.053929\n",
              "NOX      0.420972 -0.516604  0.763651  0.091203  1.000000 -0.302188  0.731470 -0.769230  0.611441  0.668023  0.188933 -0.380051  0.590879\n",
              "RM      -0.219247  0.311991 -0.391676  0.091251 -0.302188  1.000000 -0.240265  0.205246 -0.209847 -0.292048 -0.355501  0.128069 -0.613808\n",
              "AGE      0.352734 -0.569537  0.644779  0.086518  0.731470 -0.240265  1.000000 -0.747881  0.456022  0.506456  0.261515 -0.273534  0.602339\n",
              "DIS     -0.379670  0.664408 -0.708027 -0.099176 -0.769230  0.205246 -0.747881  1.000000 -0.494588 -0.534432 -0.232471  0.291512 -0.496996\n",
              "RAD      0.625505 -0.311948  0.595129 -0.007368  0.611441 -0.209847  0.456022 -0.494588  1.000000  0.910228  0.464741 -0.444413  0.488676\n",
              "TAX      0.582764 -0.314563  0.720760 -0.035587  0.668023 -0.292048  0.506456 -0.534432  0.910228  1.000000  0.460853 -0.441808  0.543993\n",
              "PTRATIO  0.289946 -0.391679  0.383248 -0.121515  0.188933 -0.355501  0.261515 -0.232471  0.464741  0.460853  1.000000 -0.177383  0.374044\n",
              "B       -0.385064  0.175520 -0.356977  0.048788 -0.380051  0.128069 -0.273534  0.291512 -0.444413 -0.441808 -0.177383  1.000000 -0.366087\n",
              "LSTAT    0.455621 -0.412995  0.603800 -0.053929  0.590879 -0.613808  0.602339 -0.496996  0.488676  0.543993  0.374044 -0.366087  1.000000"
            ]
          },
          "metadata": {},
          "execution_count": 3
        }
      ]
    },
    {
      "cell_type": "code",
      "source": [
        "import seaborn as sns\n",
        "plt.figure(figsize=(20, 10))\n",
        "sns.heatmap(data.corr().abs(),  annot=True)"
      ],
      "metadata": {
        "colab": {
          "base_uri": "https://localhost:8080/",
          "height": 609
        },
        "id": "7-QDxdKCA-2r",
        "outputId": "6eadbe70-0a5e-4874-b7e8-b47e3cb88fbb"
      },
      "execution_count": 4,
      "outputs": [
        {
          "output_type": "execute_result",
          "data": {
            "text/plain": [
              "<matplotlib.axes._subplots.AxesSubplot at 0x7fddf29f7650>"
            ]
          },
          "metadata": {},
          "execution_count": 4
        },
        {
          "output_type": "display_data",
          "data": {
